11850551329423159860688778991827824730037759162201783566284850822760196767874
21572503925325825116380792768937986743990254033176521064707045559165336555197
11224495635916644180335675565949106569141882748352237685396337327907709534945
2399242030534463392142674970266584742013168677609861039634639961298697064915
13182067204896548373877843501261957052850428877096289097123906067079378150834
7106632500398372645836762576259242192202230138343760620842346283595225511823
17857585024203959071818533000506593455576509792639288560876436361491747801924
17278668323652664881420209773995988768195998574629614593395162463145689805534
209436188287252095316293336871467217491997565239632454977424802439169726471
6509061943359659796226067852175931816441223836265895622135845733346450111408
6520190068409764223804901922836901806344965427489260575428680588368698845875
630132332916246842688588724815186106224110394685542623398451000510712069429
9206039871053115294588634296883085884325447977155589548409410370778004490583
18779153312338976659887621628264397623589151531526416856563780429314827231828
17363895409447993644572750069112567504016430687578426059851649285544630344678
19286143925655010470313606340648478511795716951787385659135295148709476458035
4388129095966650031202114509205416778945646941825467776717149885766859085576
1349852001905976393525917581684850395969195070196158093124360497286644081937
17368552900438243823879346548262086836538128269316713944042307770284532592541
18985880316913054223420119281626297509988828082052104176513061368828929683625
4579408122636409797983594817001151232592120036711857848633386522167572030422
11449953026770181129414594616106672273569253702456243279842657156414101762953
17522842571025594898796504571879833688330941949006387687358235202279752613476
21132447552765693684301455556560122702349440583763005136306310251580467540870
8998642143185983996061195503046387083136704270886703415931032396464683786596
21105591837418511187868133603097772569224923507578878764646627015483403025786
11936911483891567168974023813169423046716461597137385962627713867538049511008
19491136426547264952252446441183471062445261147877180440900272777518264288406
18874193248565275345643798629707612095791363371653085920375348464342923944123
7349746373381597245056514513672191892220199193495889934603855786785253840462
10141460630307103499237339105337450658720257913459608059169070509952093658957
17673370932523768878440042596495088994519125550363679768571834206813690739941